期数	月供金额	本金占款	利息占款	剩余本金	
1	15248.44	6148.44	9100.00	2393851.56	
2	15248.44	6171.75	9076.69	2387679.81	
3	15248.44	6195.15	9053.29	2381484.66	
4	15248.44	6218.64	9029.80	2375266.02	
5	15248.44	6242.22	9006.22	2369023.80	
6	15248.44	6265.89	8982.55	2362757.92	
7	15248.44	6289.65	8958.79	2356468.27	
8	15248.44	6313.49	8934.94	2350154.77	
9	15248.44	6337.43	8911.00	2343817.34	
10	15248.44	6361.46	8886.97	2337455.88	
11	15248.44	6385.58	8862.85	2331070.30	
12	15248.44	6409.80	8838.64	2124660.50	
13	13936.55	5880.55	8056.00	2118779.95	
14	13936.55	5902.84	8033.71	2112877.11	
15	13936.55	5925.23	8011.33	2106951.88	
16	13936.55	5947.69	7988.86	2101004.19	
17	13936.55	5970.24	7966.31	2095033.95	
18	13936.55	5992.88	7943.67	2089041.07	
19	13936.55	6015.60	7920.95	2083025.46	
20	13936.55	6038.41	7898.14	2076987.05	
21	13936.55	6061.31	7875.24	2070925.74	
22	13936.55	6084.29	7852.26	2064841.45	
23	13936.55	6107.36	7829.19	2058734.09	
24	13936.55	6130.52	7806.03	1852603.57	
25	12578.61	5554.16	7024.46	1847049.41	
26	12578.61	5575.22	7003.40	1841474.19	
27	12578.61	5596.36	6982.26	1835877.84	
28	12578.61	5617.58	6961.04	1830260.26	
29	12578.61	5638.88	6939.74	1824621.39	
30	12578.61	5660.26	6918.36	1818961.13	
31	12578.61	5681.72	6896.89	1813279.41	
32	12578.61	5703.26	6875.35	1807576.15	
33	12578.61	5724.89	6853.73	1801851.26	
34	12578.61	5746.59	6832.02	1796104.67	
35	12578.61	5768.38	6810.23	1790336.29	
36	12578.61	5790.25	6788.36	1584546.03	
37	11168.89	5160.82	6008.07	1579385.22	
38	11168.89	5180.38	5988.50	1574204.83	
39	11168.89	5200.03	5968.86	1569004.81	
40	11168.89	5219.74	5949.14	1563785.07	
41	11168.89	5239.53	5929.35	1558545.53	
42	11168.89	5259.40	5909.49	1553286.13	
43	11168.89	5279.34	5889.54	1548006.79	
44	11168.89	5299.36	5869.53	1542707.43	
45	11168.89	5319.45	5849.43	1537387.98	
46	11168.89	5339.62	5829.26	1532048.35	
47	11168.89	5359.87	5809.02	1526688.48	
48	11168.89	5380.19	5788.69	1321308.29	
49	9700.56	4690.60	5009.96	1316617.69	
50	9700.56	4708.38	4992.18	1311909.31	
51	9700.56	4726.24	4974.32	1307183.07	
52	9700.56	4744.16	4956.40	1302438.92	
53	9700.56	4762.15	4938.41	1297676.77	
54	9700.56	4780.20	4920.36	1292896.57	
55	9700.56	4798.33	4902.23	1288098.24	
56	9700.56	4816.52	4884.04	1283281.72	
57	9700.56	4834.78	4865.78	1278446.94	
58	9700.56	4853.11	4847.44	1273593.82	
59	9700.56	4871.52	4829.04	1268722.31	
60	9700.56	4889.99	4810.57	1063832.32	
61	8165.46	4131.76	4033.70	1059700.56	
62	8165.46	4147.43	4018.03	1055553.14	
63	8165.46	4163.15	4002.31	1051389.98	
64	8165.46	4178.94	3986.52	1047211.05	
65	8165.46	4194.78	3970.68	1043016.27	
66	8165.46	4210.69	3954.77	1038805.58	
67	8165.46	4226.65	3938.80	1034578.93	
68	8165.46	4242.68	3922.78	1030336.25	
69	8165.46	4258.77	3906.69	1026077.48	
70	8165.46	4274.91	3890.54	1021802.57	
71	8165.46	4291.12	3874.33	1017511.45	
72	8165.46	4307.39	3858.06	813204.05	
73	6553.65	3470.25	3083.40	809733.80	
74	6553.65	3483.41	3070.24	806250.40	
75	6553.65	3496.62	3057.03	802753.78	
76	6553.65	3509.87	3043.77	799243.91	
77	6553.65	3523.18	3030.47	795720.73	
78	6553.65	3536.54	3017.11	792184.19	
79	6553.65	3549.95	3003.70	788634.24	
80	6553.65	3563.41	2990.24	785070.83	
81	6553.65	3576.92	2976.73	781493.91	
82	6553.65	3590.48	2963.16	777903.42	
83	6553.65	3604.10	2949.55	774299.32	
84	6553.65	3617.76	2935.88	570681.56	
85	4852.91	2689.07	2163.83	567992.49	
86	4852.91	2699.27	2153.64	565293.22	
87	4852.91	2709.50	2143.40	562583.72	
88	4852.91	2719.78	2133.13	559863.94	
89	4852.91	2730.09	2122.82	557133.85	
90	4852.91	2740.44	2112.47	554393.41	
91	4852.91	2750.83	2102.08	551642.58	
92	4852.91	2761.26	2091.64	548881.31	
93	4852.91	2771.73	2081.17	546109.58	
94	4852.91	2782.24	2070.67	543327.34	
95	4852.91	2792.79	2060.12	540534.55	
96	4852.91	2803.38	2049.53	537731.17	
97	4852.91	2814.01	2038.90	534917.16	
98	4852.91	2824.68	2028.23	532092.48	
99	4852.91	2835.39	2017.52	529257.09	
100	4852.91	2846.14	2006.77	526410.95	
101	4852.91	2856.93	1995.97	523554.01	
102	4852.91	2867.76	1985.14	520686.25	
103	4852.91	2878.64	1974.27	517807.61	
104	4852.91	2889.55	1963.35	514918.06	
105	4852.91	2900.51	1952.40	512017.55	
106	4852.91	2911.51	1941.40	509106.04	
107	4852.91	2922.55	1930.36	506183.49	
108	4852.91	2933.63	1919.28	503249.87	
109	4852.91	2944.75	1908.16	500305.11	
110	4852.91	2955.92	1896.99	497349.20	
111	4852.91	2967.12	1885.78	494382.07	
112	4852.91	2978.38	1874.53	491403.70	
113	4852.91	2989.67	1863.24	488414.03	
114	4852.91	3001.00	1851.90	485413.03	
115	4852.91	3012.38	1840.52	482400.64	
116	4852.91	3023.80	1829.10	479376.84	
117	4852.91	3035.27	1817.64	476341.57	
118	4852.91	3046.78	1806.13	473294.79	
119	4852.91	3058.33	1794.58	470236.46	
120	4852.91	3069.93	1782.98	467166.53	
121	4852.91	3081.57	1771.34	464084.96	
122	4852.91	3093.25	1759.66	460991.71	
123	4852.91	3104.98	1747.93	457886.73	
124	4852.91	3116.75	1736.15	454769.98	
125	4852.91	3128.57	1724.34	451641.41	
126	4852.91	3140.43	1712.47	448500.97	
127	4852.91	3152.34	1700.57	445348.63	
128	4852.91	3164.29	1688.61	442184.34	
129	4852.91	3176.29	1676.62	439008.05	
130	4852.91	3188.34	1664.57	435819.71	
131	4852.91	3200.42	1652.48	432619.29	
132	4852.91	3212.56	1640.35	429406.73	
133	4852.91	3224.74	1628.17	426181.99	
134	4852.91	3236.97	1615.94	422945.02	
135	4852.91	3249.24	1603.67	419695.78	
136	4852.91	3261.56	1591.35	416434.22	
137	4852.91	3273.93	1578.98	413160.29	
138	4852.91	3286.34	1566.57	409873.95	
139	4852.91	3298.80	1554.11	406575.15	
140	4852.91	3311.31	1541.60	403263.84	
141	4852.91	3323.87	1529.04	399939.97	
142	4852.91	3336.47	1516.44	396603.51	
143	4852.91	3349.12	1503.79	393254.39	
144	4852.91	3361.82	1491.09	389892.57	
145	4852.91	3374.56	1478.34	386518.01	
146	4852.91	3387.36	1465.55	383130.65	
147	4852.91	3400.20	1452.70	379730.44	
148	4852.91	3413.10	1439.81	376317.35	
149	4852.91	3426.04	1426.87	372891.31	
150	4852.91	3439.03	1413.88	369452.28	
151	4852.91	3452.07	1400.84	366000.21	
152	4852.91	3465.16	1387.75	362535.06	
153	4852.91	3478.30	1374.61	359056.76	
154	4852.91	3491.48	1361.42	355565.28	
155	4852.91	3504.72	1348.19	352060.56	
156	4852.91	3518.01	1334.90	348542.55	
157	4852.91	3531.35	1321.56	345011.20	
158	4852.91	3544.74	1308.17	341466.46	
159	4852.91	3558.18	1294.73	337908.28	
160	4852.91	3571.67	1281.24	334336.60	
161	4852.91	3585.21	1267.69	330751.39	
162	4852.91	3598.81	1254.10	327152.58	
163	4852.91	3612.45	1240.45	323540.13	
164	4852.91	3626.15	1226.76	319913.98	
165	4852.91	3639.90	1213.01	316274.08	
166	4852.91	3653.70	1199.21	312620.38	
167	4852.91	3667.55	1185.35	308952.82	
168	4852.91	3681.46	1171.45	305271.36	
169	4852.91	3695.42	1157.49	301575.94	
170	4852.91	3709.43	1143.48	297866.51	
171	4852.91	3723.50	1129.41	294143.01	
172	4852.91	3737.61	1115.29	290405.40	
173	4852.91	3751.79	1101.12	286653.61	
174	4852.91	3766.01	1086.89	282887.60	
175	4852.91	3780.29	1072.62	279107.31	
176	4852.91	3794.63	1058.28	275312.68	
177	4852.91	3809.01	1043.89	271503.67	
178	4852.91	3823.46	1029.45	267680.21	
179	4852.91	3837.95	1014.95	263842.26	
180	4852.91	3852.51	1000.40	259989.75	
181	4852.91	3867.11	985.79	256122.64	
182	4852.91	3881.78	971.13	252240.86	
183	4852.91	3896.49	956.41	248344.37	
184	4852.91	3911.27	941.64	244433.10	
185	4852.91	3926.10	926.81	240507.00	
186	4852.91	3940.98	911.92	236566.02	
187	4852.91	3955.93	896.98	232610.09	
188	4852.91	3970.93	881.98	228639.16	
189	4852.91	3985.98	866.92	224653.18	
190	4852.91	4001.10	851.81	220652.08	
191	4852.91	4016.27	836.64	216635.81	
192	4852.91	4031.50	821.41	212604.32	
193	4852.91	4046.78	806.12	208557.54	
194	4852.91	4062.13	790.78	204495.41	
195	4852.91	4077.53	775.38	200417.88	
196	4852.91	4092.99	759.92	196324.89	
197	4852.91	4108.51	744.40	192216.38	
198	4852.91	4124.09	728.82	188092.30	
199	4852.91	4139.72	713.18	183952.57	
200	4852.91	4155.42	697.49	179797.15	
201	4852.91	4171.18	681.73	175625.97	
202	4852.91	4186.99	665.92	171438.98	
203	4852.91	4202.87	650.04	167236.11	
204	4852.91	4218.80	634.10	163017.31	
205	4852.91	4234.80	618.11	158782.51	
206	4852.91	4250.86	602.05	154531.65	
207	4852.91	4266.97	585.93	150264.68	
208	4852.91	4283.15	569.75	145981.53	
209	4852.91	4299.39	553.51	141682.13	
210	4852.91	4315.70	537.21	137366.44	
211	4852.91	4332.06	520.85	133034.38	
212	4852.91	4348.49	504.42	128685.89	
213	4852.91	4364.97	487.93	124320.92	
214	4852.91	4381.52	471.38	119939.39	
215	4852.91	4398.14	454.77	115541.26	
216	4852.91	4414.81	438.09	111126.44	
217	4852.91	4431.55	421.35	106694.89	
218	4852.91	4448.36	404.55	102246.54	
219	4852.91	4465.22	387.68	97781.31	
220	4852.91	4482.15	370.75	93299.16	
221	4852.91	4499.15	353.76	88800.01	
222	4852.91	4516.21	336.70	84283.81	
223	4852.91	4533.33	319.58	79750.47	
224	4852.91	4550.52	302.39	75199.95	
225	4852.91	4567.77	285.13	70632.18	
226	4852.91	4585.09	267.81	66047.09	
227	4852.91	4602.48	250.43	61444.61	
228	4852.91	4619.93	232.98	56824.68	
229	4852.91	4637.45	215.46	52187.23	
230	4852.91	4655.03	197.88	47532.20	
231	4852.91	4672.68	180.23	42859.52	
232	4852.91	4690.40	162.51	38169.12	
233	4852.91	4708.18	144.72	33460.94	
234	4852.91	4726.03	126.87	28734.90	
235	4852.91	4743.95	108.95	23990.95	
236	4852.91	4761.94	90.97	19229.01	
237	4852.91	4780.00	72.91	14449.01	
238	4852.91	4798.12	54.79	9650.89	
239	4852.91	4816.31	36.59	4834.58	
240	4852.91	4834.58	18.33	-0.00	
