期数	月供金额	本金占款	利息占款	剩余本金	
1	15248.44	6148.44	9100.00	2393851.56	
2	15248.44	6171.75	9076.69	2387679.81	
3	15248.44	6195.15	9053.29	2381484.66	
4	15248.44	6218.64	9029.80	2375266.02	
5	15248.44	6242.22	9006.22	2369023.80	
6	15248.44	6265.89	8982.55	2362757.92	
7	15248.44	6289.65	8958.79	2356468.27	
8	15248.44	6313.49	8934.94	2350154.77	
9	15248.44	6337.43	8911.00	2343817.34	
10	15248.44	6361.46	8886.97	2337455.88	
11	15248.44	6385.58	8862.85	2331070.30	
12	15248.44	6409.80	8838.64	2124660.50	
13	15225.79	7169.79	8056.00	2117490.71	
14	15225.79	7196.97	8028.82	2110293.74	
15	15225.79	7224.26	8001.53	2103069.48	
16	15225.79	7251.65	7974.14	2095817.82	
17	15225.79	7279.15	7946.64	2088538.67	
18	15225.79	7306.75	7919.04	2081231.92	
19	15225.79	7334.45	7891.34	2073897.47	
20	15225.79	7362.26	7863.53	2066535.21	
21	15225.79	7390.18	7835.61	2059145.03	
22	15225.79	7418.20	7807.59	2051726.83	
23	15225.79	7446.33	7779.46	2044280.50	
24	15225.79	7474.56	7751.23	1836805.94	
25	15195.68	8231.13	6964.56	1828574.81	
26	15195.68	8262.34	6933.35	1820312.47	
27	15195.68	8293.66	6902.02	1812018.81	
28	15195.68	8325.11	6870.57	1803693.70	
29	15195.68	8356.68	6839.01	1795337.02	
30	15195.68	8388.36	6807.32	1786948.66	
31	15195.68	8420.17	6775.51	1778528.49	
32	15195.68	8452.10	6743.59	1770076.39	
33	15195.68	8484.14	6711.54	1761592.25	
34	15195.68	8516.31	6679.37	1753075.93	
35	15195.68	8548.60	6647.08	1744527.33	
36	15195.68	8581.02	6614.67	1535946.31	
37	15168.39	9344.60	5823.80	1526601.72	
38	15168.39	9380.03	5788.36	1517221.69	
39	15168.39	9415.60	5752.80	1507806.09	
40	15168.39	9451.30	5717.10	1498354.80	
41	15168.39	9487.13	5681.26	1488867.66	
42	15168.39	9523.10	5645.29	1479344.56	
43	15168.39	9559.21	5609.18	1469785.35	
44	15168.39	9595.46	5572.94	1460189.89	
45	15168.39	9631.84	5536.55	1450558.05	
46	15168.39	9668.36	5500.03	1440889.69	
47	15168.39	9705.02	5463.37	1431184.67	
48	15168.39	9741.82	5426.58	1221442.85	
49	15203.03	10571.73	4631.30	1210871.12	
50	15203.03	10611.81	4591.22	1200259.31	
51	15203.03	10652.05	4550.98	1189607.26	
52	15203.03	10692.44	4510.59	1178914.82	
53	15203.03	10732.98	4470.05	1168181.85	
54	15203.03	10773.67	4429.36	1157408.17	
55	15203.03	10814.52	4388.51	1146593.65	
56	15203.03	10855.53	4347.50	1135738.12	
57	15203.03	10896.69	4306.34	1124841.43	
58	15203.03	10938.01	4265.02	1113903.42	
59	15203.03	10979.48	4223.55	1102923.94	
60	15203.03	11021.11	4181.92	891902.83	
61	15300.50	11918.70	3381.80	879984.13	
62	15300.50	11963.89	3336.61	868020.23	
63	15300.50	12009.26	3291.24	856010.98	
64	15300.50	12054.79	3245.71	843956.18	
65	15300.50	12100.50	3200.00	831855.68	
66	15300.50	12146.38	3154.12	819709.30	
67	15300.50	12192.44	3108.06	807516.87	
68	15300.50	12238.67	3061.83	795278.20	
69	15300.50	12285.07	3015.43	782993.13	
70	15300.50	12331.65	2968.85	770661.48	
71	15300.50	12378.41	2922.09	758283.07	
72	15300.50	12425.34	2875.16	545857.73	
73	15451.54	13381.83	2069.71	532475.90	
74	15451.54	13432.57	2018.97	519043.32	
75	15451.54	13483.50	1968.04	505559.82	
76	15451.54	13534.63	1916.91	492025.19	
77	15451.54	13585.95	1865.60	478439.24	
78	15451.54	13637.46	1814.08	464801.78	
79	15451.54	13689.17	1762.37	451112.61	
80	15451.54	13741.07	1710.47	437371.54	
81	15451.54	13793.18	1658.37	423578.36	
82	15451.54	13845.48	1606.07	409732.88	
83	15451.54	13897.97	1553.57	395834.91	
84	15451.54	13950.67	1500.87	181884.24	
85	15533.17	14843.52	689.64	167040.72	
86	15533.17	14899.81	633.36	152140.91	
87	15533.17	14956.30	576.87	137184.61	
88	15533.17	15013.01	520.16	122171.60	
89	15533.17	15069.94	463.23	107101.66	
90	15533.17	15127.08	406.09	91974.59	
91	15533.17	15184.43	348.74	76790.15	
92	15533.17	15242.01	291.16	61548.15	
93	15533.17	15299.80	233.37	46248.35	
94	15533.17	15357.81	175.36	30890.54	
95	15533.17	15416.04	117.13	15474.50	
96	15533.17	15474.50	58.67	-0.00	
